Line   OP      L M
0      JMP(07) 0 1
1      INC(06) 0 4
2      LIT(01) 0 5
3      LIT(01) 0 4
4      OPR(02) 0 2
5      LIT(01) 0 12
6      OPR(02) 0 3
7      OPR(02) 0 1
8      LIT(01) 0 3
9      OPR(02) 0 4
10     LIT(01) 0 9
11     OPR(02) 0 8
12     JPC(08) 0 14
13     SIO(11) 0 3
14     SIO(11) 0 3

Line   OP      L M     PC  BP  SP   Stack
Initial Values   -->   0   1   0     
======================================
0      JMP(07) 0 1     1   1   0    
1      INC(06) 0 4     2   1   4    | 0 0 0 0 
2      LIT(01) 0 5     3   1   5    | 0 0 0 0 5 
3      LIT(01) 0 4     4   1   6    | 0 0 0 0 5 4 
4      OPR(02) 0 2     5   1   5    | 0 0 0 0 9 
5      LIT(01) 0 12    6   1   6    | 0 0 0 0 9 12 
6      OPR(02) 0 3     7   1   5    | 0 0 0 0 -3 
7      OPR(02) 0 1     8   1   5    | 0 0 0 0 3 
8      LIT(01) 0 3     9   1   6    | 0 0 0 0 3 3 
9      OPR(02) 0 4     10  1   5    | 0 0 0 0 9 
10     LIT(01) 0 9     11  1   6    | 0 0 0 0 9 9 
11     OPR(02) 0 8     12  1   5    | 0 0 0 0 1 
12     JPC(08) 0 14    13  1   4    | 0 0 0 0 
13     SIO(11) 0 3     0   0   0    
======================================

Exit Status: 0
