Line   OP      L M
0      JMP(07) 0 31
1      JMP(07) 0 2
2      INC(06) 0 6
3      LOD(03) 1 5
4      STO(04) 0 4
5      LOD(03) 1 6
6      STO(04) 0 5
7      LIT(01) 0 0
8      STO(04) 1 7
9      LOD(03) 0 5
10     LIT(01) 0 0
11     OPR(02) 0 12
12     JPC(08) 0 30
13     LOD(03) 1 5
14     OPR(02) 0 6
15     JPC(08) 0 21
16     LOD(03) 1 7
17     LOD(03) 0 4
18     OPR(02) 0 2
19     STO(04) 1 7
20     JMP(07) 0 21
21     LIT(01) 0 2
22     LOD(03) 0 4
23     OPR(02) 0 4
24     STO(04) 0 4
25     LOD(03) 0 5
26     LIT(01) 0 2
27     OPR(02) 0 5
28     STO(04) 0 5
29     JMP(07) 0 9
30     OPR(02) 0 0
31     INC(06) 0 10
32     LIT(01) 0 7
33     STO(04) 0 5
34     LIT(01) 0 85
35     STO(04) 0 6
36     CAL(05) 0 1
37     SIO(11) 0 3
